>> romberg_scr
pifunc, [0,1]:
int =  3.14159265358979
err =    8.88178419700125e-16
ier = 0

logderiv, [1,e]:
int =  1.000000000000000
err =    5.55111512312578e-16
ier = 0

erfderiv, [0,1]:
int =  0.842700792949715
err = 0
ier = 0

erfderiv, [0,3]:
int =  0.999977909503001
err =    6.66133814775094e-16
ier = 0
>> diary off
